period	optimal_ru	motif	num_loci	est_a	est_b	est_mean_s
2	11	AT	572	0.6296529	6.14e-05	3.87e-05
2	12	AT	358	0.5882184	3.17e-05	1.86e-05
2	13	AT	270	0.2487026	0.0002044	5.08e-05
2	14	AT	214	0.8952737	8.26e-05	7.4e-05
2	15	AT	112	0.2537753	8.02e-05	2.04e-05
2	16	AT	83	0.8121238	9.35e-05	7.59e-05
2	17	AT	44	0.6352325	7.09e-05	4.5e-05
2	18	AT	23	0.0845467	0.0002004	1.69e-05
2	19	AT	16	0.9712703	2.95e-05	2.87e-05
2	20	AT	5	0.57922	0.0002743	0.0001589
2	11	AG	436	0.873439	0.0006798	0.0005938
2	12	AG	311	0.2238964	0.002888	0.0006466
2	13	AG	226	0.4384836	0.0001898	8.32e-05
2	14	AG	195	0.0787858	0.0053019	0.0004177
2	15	AG	180	0.0185307	0.0008074	1.5e-05
2	16	AG	153	0.2738581	4.82e-05	1.32e-05
2	17	AG	115	0.0361351	0.003711	0.0001341
2	18	AG	107	0.3141738	6.34e-05	1.99e-05
2	19	AG	87	0.3057551	9.16e-05	2.8e-05
2	20	AG	64	0.5150636	9.6e-05	4.94e-05
2	11	AC	1000	0.0935982	0.0013493	0.0001263
2	12	AC	1000	0.0704712	0.0002003	1.41e-05
2	13	AC	1000	0.3592225	0.0001424	5.12e-05
2	14	AC	1000	0.8744295	6.03e-05	5.27e-05
2	15	AC	1000	0.8798988	0.0002187	0.0001924
2	16	AC	1000	0.2907548	0.0004035	0.0001173
2	17	AC	1000	0.5489162	0.0009797	0.0005378
2	18	AC	1000	0.7958652	0.0009854	0.0007843
2	19	AC	1000	0.9316609	0.0012709	0.001184
2	20	AC	1000	0.6323601	0.0018445	0.0011664
3	5	AAT	1000	0.2553679	0.000992	0.0002533
3	6	AAT	1000	0.1552386	3.46e-05	5.4e-06
3	7	AAT	1000	0.6152514	5.9e-06	3.6e-06
3	8	AAT	897	0.1018927	1.57e-05	1.6e-06
3	9	AAT	620	0.3745966	1.99e-05	7.4e-06
3	10	AAT	478	0.0136259	0.0008006	1.09e-05
3	11	AAT	405	0.2619924	6.94e-05	1.82e-05
3	12	AAT	361	0.5183104	0.0001185	6.14e-05
3	13	AAT	396	0.6960672	0.0001463	0.0001018
3	5	ATC	867	0.1665666	0.0025705	0.0004282
3	6	ATC	389	0.9467983	0.0002003	0.0001896
3	7	ATC	179	0.8714842	9.8e-06	8.5e-06
3	8	ATC	110	0.5860225	9.7e-06	5.7e-06
3	9	ATC	65	0.219828	6.03e-05	1.32e-05
3	10	ATC	59	0.8285074	4.39e-05	3.63e-05
3	11	ATC	47	0.7897332	2.42e-05	1.91e-05
3	12	ATC	49	0.6242953	6.65e-05	4.15e-05
3	13	ATC	34	0.2327445	0.0003691	8.59e-05
3	5	AAG	844	0.7260783	8.7e-06	6.3e-06
3	6	AAG	270	0.2388748	2.45e-05	5.8e-06
3	7	AAG	117	0.2791274	4.03e-05	1.13e-05
3	8	AAG	46	0.4231961	1.33e-05	5.6e-06
3	9	AAG	13	0.2649115	6.41e-05	1.7e-05
3	10	AAG	6	0.9132213	2.76e-05	2.52e-05
3	11	AAG	3	0.9965875	2.49e-05	2.48e-05
3	12	AAG	4	0.830085	3.63e-05	3.01e-05
3	13	AAG	2	0.4179946	0.0001871	7.82e-05
3	5	AGG	1000	0.4294712	0.0008544	0.0003669
3	6	AGG	349	0.7968405	2.85e-05	2.27e-05
3	7	AGG	112	0.1805675	9.33e-05	1.68e-05
3	8	AGG	65	0.5521041	1.74e-05	9.6e-06
3	9	AGG	27	0.0459333	0.0005946	2.73e-05
3	10	AGG	16	0.4845828	5.85e-05	2.83e-05
3	11	AGG	4	0.0598948	0.0004656	2.79e-05
3	12	AGG	9	0.4623202	9.99e-05	4.62e-05
3	13	AGG	4	0.9412388	5.35e-05	5.03e-05
3	5	AGC	962	0.4260202	0.0036433	0.0015521
3	6	AGC	351	0.6016253	0.000133	8e-05
3	7	AGC	185	0.5331706	3.21e-05	1.71e-05
3	8	AGC	86	0.376943	5.96e-05	2.25e-05
3	9	AGC	32	0.4473961	3.65e-05	1.63e-05
3	10	AGC	34	0.0518036	0.0004113	2.13e-05
3	11	AGC	12	0.040708	0.0008292	3.38e-05
3	12	AGC	8	0.1805084	0.0008048	0.0001453
3	13	AGC	6	0.8849727	5.22e-05	4.62e-05
3	5	CCG	515	0.0710863	0.0001606	1.14e-05
3	6	CCG	255	0.1100685	0.0001191	1.31e-05
3	7	CCG	115	0.2148111	5.84e-05	1.26e-05
3	8	CCG	66	0.5508928	8.4e-06	4.6e-06
3	9	CCG	36	0.7377075	2.99e-05	2.21e-05
3	10	CCG	22	0.7949953	3.16e-05	2.51e-05
3	11	CCG	10	0.2044109	9.88e-05	2.02e-05
3	12	CCG	13	0.117589	0.0002614	3.07e-05
3	13	CCG	1	0.5008946	0.0002125	0.0001065
3	5	AAC	1000	0.0753629	5.08e-05	3.8e-06
3	6	AAC	1000	0.2002267	2.29e-05	4.6e-06
3	7	AAC	1000	0.2307079	1.82e-05	4.2e-06
3	8	AAC	806	0.9278126	1.6e-06	1.5e-06
3	9	AAC	442	0.2663778	2.6e-05	6.9e-06
3	10	AAC	276	0.0703417	0.0001513	1.06e-05
3	11	AAC	156	0.4275616	3.75e-05	1.6e-05
3	12	AAC	127	0.8433013	5.28e-05	4.45e-05
3	13	AAC	77	0.9419772	7.22e-05	6.8e-05
3	5	ACC	913	0.3937371	0.0028017	0.0011031
3	6	ACC	297	0.4807701	0.0001915	9.21e-05
3	7	ACC	123	0.1701256	0.0013575	0.0002309
3	8	ACC	54	0.6367095	0.0004675	0.0002977
3	9	ACC	36	0.2043599	0.0003713	7.59e-05
3	10	ACC	19	0.9174541	6.65e-05	6.1e-05
3	11	ACC	8	0.4021732	7.87e-05	3.17e-05
3	12	ACC	2	0.4831496	0.0004585	0.0002215
3	13	ACC	2	0.5456405	0.0002575	0.0001405
4	7	AAAT	1000	0.088701	0.0484698	0.0042993
4	8	AAAT	1000	0.123357	0.000554	6.83e-05
4	9	AAAT	1000	0.9362909	0.0037762	0.0035356
4	10	AAAT	1000	0.9865929	0.0038044	0.0037534
4	7	AATC	100	0.3577275	0.00402	0.0014381
4	8	AATC	41	0.1635449	0.0013926	0.0002278
4	9	AATC	14	0.0371904	0.0040048	0.0001489
4	10	AATC	2	0.8566225	0.000182	0.0001559
4	7	AATG	358	0.0867726	0.03681	0.0031941
4	8	AATG	165	0.6331391	0.0002601	0.0001647
4	9	AATG	112	0.4200603	0.0032035	0.0013456
4	10	AATG	54	0.8977835	0.0031242	0.0028049
4	7	ATCC	45	0.3392852	0.0037502	0.0012724
4	8	ATCC	32	0.8577627	1.65e-05	1.41e-05
4	9	ATCC	41	0.3090306	0.0023841	0.0007367
4	10	ATCC	50	0.5565808	0.0106029	0.0059014
4	7	AAAG	76	0.4564576	5.97e-05	2.73e-05
4	8	AAAG	22	0.4992683	6.94e-05	3.46e-05
4	9	AAAG	12	0.1903924	0.0001995	3.8e-05
4	10	AAAG	10	0.5850706	4.93e-05	2.88e-05
4	7	AAGG	48	0.1417358	0.003364	0.0004768
4	8	AAGG	23	0.9634375	2.54e-05	2.45e-05
4	9	AAGG	28	0.3769388	8.33e-05	3.14e-05
4	10	AAGG	30	0.9035054	3.43e-05	3.1e-05
4	7	AGAT	93	0.8288602	1.07e-05	8.8e-06
4	8	AGAT	66	0.6844308	7.24e-05	4.96e-05
4	9	AGAT	82	0.5915091	0.0001055	6.24e-05
4	10	AGAT	177	0.9766614	8.24e-05	8.04e-05
4	7	AAAC	1000	0.1512014	0.0050953	0.0007704
4	8	AAAC	527	0.9544271	0.0004059	0.0003874
4	9	AAAC	194	0.7698232	0.0014165	0.0010904
4	10	AAAC	48	0.8938824	0.0024388	0.00218
4	7	ACAT	70	0.1562093	0.0304565	0.0047576
4	8	ACAT	46	0.1779728	0.0035083	0.0006244
4	9	ACAT	39	0.7236019	0.0054058	0.0039116
4	10	ACAT	40	0.9958601	0.0024748	0.0024645
